$ANSIBLE_VAULT;1.1;AES256
61643734323264393130623763633336323262343635623264323962373235333436346564613562
3933616231633932323239323262323264616539386230650a643261646638663630633230393838
33363134663239653365383239363963666261613064616363323335333331353864353234646665
6365643663306462320a316534383638656363326630313431313861386636616666353261303633
66646533346262306339376632326361343536666236636230343137643232306439306163656232
61346135633663643665326337393130363137666161623266343438326432393263363962306632
65383262653131323037376636663532663132626462396533303034646663313263646437666561
39376133623037366538616334623265303661396335613261383331663061646134386236663733
37613861613332383837313064323965643930336338363364303561653231313161393961346462
38306637336238366633393838646135336131373133616362323631616333393433393730396636
376531643262656664616563353538646363
