$ANSIBLE_VAULT;1.1;AES256
30633164306131373462623336396437383338353264643733393934383062346261363138616262
6139383438326330323933646431623235326362633062360a646235316465303135613139323538
34666665386533653863323062366166616261663239333734363930626662333363323339303933
3436653731366536320a386134303861376366366362316232363761613331366334346163393634
33653963306430333964316634306539646464343030333333663139383839306130313539666162
31346233383761303238613162383733366462643831616133633965643531363834306632326238
31383562343736653863366531643265313836313032386231636233376661366462393331363830
31323864653463363663366638626532373761373135306338393362656530303630343938383666
63396635653262306466363836613665616265323765663463616436303338326364373163316263
32383532366439303631356265626438666636303331363833636636333961363731616264613062
34313666396330316431313839636130613736623039343761653066656239386165616232313239
37643166333561666131353038363663663035396531653932376634643561363532376334313865
31303332323933656165663163346465326561633736323735653530643833366537623031396264
61376263323965656461353166653830313830616365353630613839623035316361373939373366
38656137363934326632373138653363613735666563363633373437663330666464633565333031
31353431343839623536626536323331643937653431653732353831323465623835366464326164
33626562353564316130303233323235613265313030643537653366363139333034363165363932
33343433396533383230346136633239326138633430383832303530363539376130333364313331
36313238363032653832663832356339313138616634656436313235306337343733336362316666
35623862666339303164303339313430633830343837366163353237646330353437613637396535
39616561623962363138393465323030623736353237343264316261313163393866633831346338
61393931326632363863666533653962373966623365653133313035633862663933646537656265
39313237383566306666393066353139353938363562376333366562353239373434303932643361
31366235353330633139
