$ANSIBLE_VAULT;1.1;AES256
65393665353835646233303033313237366432663939333239373861376434636562373065333338
6634343434616533613231643161653739316237363837340a366535396434626237633637393565
30333564383961643162303630626230633837623266313832366534616336366138653862373166
6133323930656334650a353965386238346633353935643062323161623733396539656366323365
30633234346330306136356337663466666233303765613863313832313633346161613866313535
34376534303465356639383263386535306630306466656434623637346563316534643832376232
62336233333766333664626337633462663739353634623532656562643565653764313236383366
36393134656432336361316161353464353665323661343664646364636263333037353039373534
39383639343633353738653765353432616537336438396230306538636565323362343165643166
33616433376561356535373436303963366437663930353639386334613433306161623334623033
64376537393037666634333835363837623965626434393662386337666232626432633834636438
62303962376265663664616562383633653334336465363162336434666135393439373562633635
30613661306132343634643832393833616432363633326265623035366266383766643433643933
31353764643164343330303631346465666433333731396332343339643037643264343266646234
66613038303833353465363338323131353030306234326233623462323032363364623332306334
62663837633035666536353039396664336332313463333366316263613738663664353263653963
30343935626265316361373836666236313739393930353161326132633938363566326435373639
35646230663532653630643265646635616564616561333263623236663133353630396630623638
62633830323134333439313265663135376566326634623234353161336234393039343665646663
33613136353062636165343831343233636333613633663061383438653964323036393462353737
65346238313938346238323635316339333737313732346636663331643966663839616538356136
32336334663566636238393263343931656464346234303731353638366437663538623263373166
61353438616462396233316434386166663034326263323963306432663338306636633233386661
32393464623663616164363734623636636563653263306262646232343261383836646266336164
3035
