$ANSIBLE_VAULT;1.1;AES256
66393262323062383764386339616136383534666631303039396139313962326137323037626139
6661353132326263343830663731613636346232386163620a663136396463383535663561643363
39313734646164646431626630363832393532386231613462353837626364616134366431393162
6436366131656237350a383164366162383131323033646461376238363065396633316561383232
63313936396330386635323662303362653562643764313263343631373438313637656639326431
39613665613730333662643839396266363062383061306264626330643763306661356636346364
39663430366131363464613264333236323565643361366263313936353136323739623664643330
36346364346531623331393733356365633136383961386338626139626434633965323233376265
61303163366364343766353337323638633563316138306237613635323834306661383665356266
64633739353265646161386163303434636339373565623365363230326665646132383336623338
31633436666561386165306238396263663038356564623939393761613163656437363333316632
34646264326135633632306538613863373865353638373634326330643131666438616466393831
63636630653339666639343730323561616566346665633266653566373366373236363836373961
31386364363566653032316533336434383534326166666635613866373833363365613234323734
62383863313066376333623531636265393962373462366661373532373536663162356462386265
66356230663932363939613362393734303537343530366236626631656230643232616464353832
38646233333630353563626335643032323534643633336136303566346163393363356534366431
64353738636337363938636166366634396363666537343730356637393637623064666630306231
30326135396663316530623261326136623032663030623363313866303662346530383063336636
62633339346336666464306236633865373835633065396539386538386266626562373832356266
64323265613339306434663766393332333434303063366635326537623732313362613066613536
30373833356237653839366539653064353338653065386465353465303833663765613732376534
61373530376238666532623638313430306463666635306239623464303331373266393235393062
38383037363065653934323761386438313762346661653330393639366261336662326133666465
3935
