$ANSIBLE_VAULT;1.1;AES256
33666338633662376135643430323063643634653266346261623262393762626332663564343732
3365333463653633366432313566623362663831636235370a373565623465306334626261353761
62316163363631313263333764613132643039393435633539646237346666616434323838643364
3530316662346464390a363935636566373362366262366264643461633862336562646432326364
34306635323461613364643339366531353338326261613338363066396431633430363838343162
34646163323933393962393334323133316539653534643334623362653964623861343662316561
33633034366333646531666539373835373262643461633533653266326163636435663066363830
32646530623134343634373164323635393236303533373636333734393639633731386262333335
33646530363934376466663938373237366536373834343365356232323633386237656364636136
66613932616232613231623631393836313561303136636134313334386234313138663935623061
31346236393739633432363766663739346462656462333265643963366264316535326461313236
38316138633239666363353030343564353633366535623730316531333032653433356463363735
35623538333737653530346230333632353763623932393037623064356134656465346162343763
35616239323534356665323035373964616363376138393530343130623038316165626239653930
35646138346336643534306235396539613661333661643939616133356564383431336230313831
34393935353538636163613233373232353361656163636462666232356239666564653462346333
66343737656338366638366366393263313961393964393231343736303761396534663330383230
30633562346235353938666239393864633632623935343565646363393631323635653232653561
66303635306338383235656164653564303135306465363663366439323034363566643764356461
37643537663533643033393738613833666364656338633232663166643664363634323362383232
61306436393936323237316438366434306133313131373936386666326139653865636135333939
66366365393339303130636331303563633639636234326166663231613865356331336237363930
37663539666661663562646330336133613834623639353933343461313061633631326339616533
33663464356139353737383133656637386431356137616664363438643263396434356535346566
66373732386336313030366134343133643633306663336338666233643564646637303438383731
64393037653962393665336334653434366462356431386262386163386566303135396231663161
31646330303631626234613631313239313130373836323836656633323531383637323331333362
39396162343236633937313865643461663132353235326266303139333533326139303565333661
62303238346565363730646232663033626131646334633639633433653033656562613138613366
34396130633536303230356335643363653933323434313736646438623731306362393033656464
65343639333863316362323336636231303865303739656236363232326331366561613433656231
33386561666236623533666465616439376535656333353938323839396538393533663764393237
64326539626631313834346634613365323761646538393263613638663631343638326233346133
62666261663734316465366362616265333366353535383039623261326566343766343961643136
33326238643865623361613336336561396165633331616561616463626262326230643864373936
37646637616439303338623537646334393738393031376165613766393031666539303533663136
65363137643638366437653065303534363037623563666631346230636532363964333132653564
33643865663533623339343163383166393136636461363536373636613831386230383665363738
38306661383034663930316666393935366233383635393030666162313261376231356538353834
39646166363832373065306138363634343566343163383765613137626632393637613437363536
34316230333735383435383839373431393432333330343035393834646261616566636130376632
31643335346532356265353030653161353832653931616639666361316431316165363162656331
34663136393131373739616265386436613431613130616431616164316664616163363566653936
66373538343065303130393261663464346434663038353963323731613232643438363263653432
6639
